20130101
20130102
20130103
20130209
20130210
20130211
20130212
20130213
20130214
20130215
20130404
20130405
20130406
20130429
20130430
20130501
20130610
20130611
20130612
20130919
20130920
20130921
20131001
20131002
20131003
20131004
20131005
20131006
20131007
20140101
20140131
20140201
20140202
20140203
20140204
20140205
20140206
20140405
20140406
20140407
20140501
20140502
20140503
20140531
20140601
20140602
20140906
20140907
20140908
20141001
20141002
20141003
20141004
20141005
20141006
20141007
20150101
20150102
20150103
20150218
20150219
20150220
20150221
20150222
20150223
20150224
20150404
20150405
20150406
20150501
20150502
20150503
20150620
20150621
20150622
20150903
20150904
20150905
20150926
20150927
20151001
20151002
20151003
20151004
20151005
20151006
20151007
20160101
20160102
20160103
20160207
20160208
20160209
20160210
20160211
20160212
20160213
20160402
20160403
20160404
20160430
20160501
20160502
20160609
20160610
20160611